2555303955207989
8414267608170695
8333499241577420
990979795639025
9130216869107284
5450830740878040
6054370272250273
9849209363183710
5629038393041743
9434487819469873
1078004879208890
800168197472673
9866425577757687
1309389247157614
3488934445247943
1548939904539093
2274846464681002
3830825460218762
422969717563377
7476938685486534
9515120397593653
1378616201568146
5235015966706412
5121744128086033
3621489391499483
1658552104634958
9154963564728218
5153034196681108
4540343423623220
4271463998637822
2494118284625076
2507696423882204
9827100709114343
9066882409604838
4019358952271030
2995164447345912
5484245893197224
6371206390092712
971060888899529
4529067105339624
6118829788064592
2662275959713911
9155868772115077
7846149769503010
4826669679122968
6804077373224503
3547604930081413
3050392972087455
301449710740611
5018468399530437
7736212122029443
4412941713933347
6478318490909582
6333138041078073
4732497752096985
5601287266703323
7527923505668107
5035673836651910
185266126936287
3423056781967498
1339384005836287
7250054495406374
4314168313721607
2215971242838761
8006970938395523
5540524025259471
5920666590306987
2644352814831627
7112544608226646
396205707432361
5017246365776603
3640313428985880
5564167229423283
9403443455302458
5965705046503128
4941187244608372
2768342757925428
2702268961587836
5194378539570483
8454070941640458
4686978673489772
8654829075257330
7191840921603577
7278536247618113
4997745572973249
9625810225374951
198865817921900
8595484000456389
3823887674604679
9588004814086594
1350063314358053
6905848737198185
2190502535968575
1815045513806186
3260246307063891
6426937090167109
1687635183660217
6741333458040973
1176237308556295
7614965823124839
